01000000000000000000000 00000000000
11000000000000000000000 00000000000
00100000010100000000100 00000000000
10100000010100000000100 00000000000
00000000010100000000100 00000000000
10000000010100000000100 00000000000
00000000010100000000100 00000000000
10000000010100000000100 00000000001
00000000010100000000100 00000000001
10000000010100000000100 00000000010
00000000010100000000100 00000000010
10000000010100000000100 10000000010
00100001000000000001000 10000000010
10100001000000000001000 00000000000
00000001000000000001000 00000000000
10000001000000000001000 00000000000
00000001000000000001000 00000000000
10000001000000000001000 00000000001
00000001000000000001000 00000000001
10000001000000000001000 00000000010
00000001000000000001000 00000000010
10000001000000000001000 00000000011
00000001000000000001000 00000000011
10000001000000000001000 00000000100
00000001000000000001000 00000000100
10000001000000000001000 10000000100
00100000000110000000101 10000000100
10100000000110000000101 00000000000
00000000000110000000101 00000000000
10000000000110000000101 00000000000
00000000000110000000101 00000000000
10000000000110000000101 10000000000
00101010110010000000010 10000000000
10101010110010000000010 00000000000
00001010110010000000010 00000000000
10001010110010000000010 00000000000
00001010110010000000010 00000000000
10001010110010000000010 00000000001
00001010110010000000010 00000000001
10001010110010000000010 00000000010
00001010110010000000010 00000000010
10001010110010000000010 00000000011
00001010110010000000010 00000000011
10001010110010000000010 00000000100
00001010110010000000010 00000000100
10001010110010000000010 00000000101
00001010110010000000010 00000000101
10001010110010000000010 00000000110
00001010110010000000010 00000000110
10001010110010000000010 00000000111
00001010110010000000010 00000000111
10001010110010000000010 00000001000
00001010110010000000010 00000001000
10001010110010000000010 00000001001
00001010110010000000010 00000001001
10001010110010000000010 00000001010
00001010110010000000010 00000001010
10001010110010000000010 00000001011
00001010110010000000010 00000001011
10001010110010000000010 00000001100
00001010110010000000010 00000001100
10001010110010000000010 00000001101
00001010110010000000010 00000001101
10001010110010000000010 00000001110
00001010110010000000010 00000001110
10001010110010000000010 00000001111
00001010110010000000010 00000001111
10001010110010000000010 00000010000
00001010110010000000010 00000010000
10001010110010000000010 00000010001
00001010110010000000010 00000010001
10001010110010000000010 00000010010
00001010110010000000010 00000010010
10001010110010000000010 00000010011
00001010110010000000010 00000010011
10001010110010000000010 00000010100
00001010110010000000010 00000010100
10001010110010000000010 00000010101
00001010110010000000010 00000010101
10001010110010000000010 00000010110
00001010110010000000010 00000010110
10001010110010000000010 00000010111
00001010110010000000010 00000010111
10001010110010000000010 00000011000
00001010110010000000010 00000011000
10001010110010000000010 00000011001
00001010110010000000010 00000011001
10001010110010000000010 00000011010
00001010110010000000010 00000011010
10001010110010000000010 00000011011
00001010110010000000010 00000011011
10001010110010000000010 00000011100
00001010110010000000010 00000011100
10001010110010000000010 00000011101
00001010110010000000010 00000011101
10001010110010000000010 00000011110
00001010110010000000010 00000011110
10001010110010000000010 00000011111
00001010110010000000010 00000011111
10001010110010000000010 00000100000
00001010110010000000010 00000100000
10001010110010000000010 00000100001
00001010110010000000010 00000100001
10001010110010000000010 00000100010
00001010110010000000010 00000100010
10001010110010000000010 00000100011
00001010110010000000010 00000100011
10001010110010000000010 00000100100
00001010110010000000010 00000100100
10001010110010000000010 00000100101
00001010110010000000010 00000100101
10001010110010000000010 00000100110
00001010110010000000010 00000100110
10001010110010000000010 00000100111
00001010110010000000010 00000100111
10001010110010000000010 00000101000
00001010110010000000010 00000101000
10001010110010000000010 00000101001
00001010110010000000010 00000101001
10001010110010000000010 00000101010
00001010110010000000010 00000101010
10001010110010000000010 00000101011
00001010110010000000010 00000101011
10001010110010000000010 00000101100
00001010110010000000010 00000101100
10001010110010000000010 00000101101
00001010110010000000010 00000101101
10001010110010000000010 00000101110
00001010110010000000010 00000101110
10001010110010000000010 00000101111
00001010110010000000010 00000101111
10001010110010000000010 00000110000
00001010110010000000010 00000110000
10001010110010000000010 00000110001
00001010110010000000010 00000110001
10001010110010000000010 00000110010
00001010110010000000010 00000110010
10001010110010000000010 00000110011
00001010110010000000010 00000110011
10001010110010000000010 00000110100
00001010110010000000010 00000110100
10001010110010000000010 00000110101
00001010110010000000010 00000110101
10001010110010000000010 00000110110
00001010110010000000010 00000110110
10001010110010000000010 00000110111
00001010110010000000010 00000110111
10001010110010000000010 00000111000
00001010110010000000010 00000111000
10001010110010000000010 00000111001
00001010110010000000010 00000111001
10001010110010000000010 00000111010
00001010110010000000010 00000111010
10001010110010000000010 00000111011
00001010110010000000010 00000111011
10001010110010000000010 00000111100
00001010110010000000010 00000111100
10001010110010000000010 00000111101
00001010110010000000010 00000111101
10001010110010000000010 00000111110
00001010110010000000010 00000111110
10001010110010000000010 00000111111
00001010110010000000010 00000111111
10001010110010000000010 00001000000
00001010110010000000010 00001000000
10001010110010000000010 00001000001
00001010110010000000010 00001000001
10001010110010000000010 00001000010
00001010110010000000010 00001000010
10001010110010000000010 00001000011
00001010110010000000010 00001000011
10001010110010000000010 00001000100
00001010110010000000010 00001000100
10001010110010000000010 00001000101
00001010110010000000010 00001000101
10001010110010000000010 00001000110
00001010110010000000010 00001000110
10001010110010000000010 00001000111
00001010110010000000010 00001000111
10001010110010000000010 00001001000
00001010110010000000010 00001001000
10001010110010000000010 00001001001
00001010110010000000010 00001001001
10001010110010000000010 00001001010
00001010110010000000010 00001001010
10001010110010000000010 00001001011
00001010110010000000010 00001001011
10001010110010000000010 00001001100
00001010110010000000010 00001001100
10001010110010000000010 00001001101
00001010110010000000010 00001001101
10001010110010000000010 00001001110
00001010110010000000010 00001001110
10001010110010000000010 00001001111
00001010110010000000010 00001001111
10001010110010000000010 00001010000
00001010110010000000010 00001010000
10001010110010000000010 00001010001
00001010110010000000010 00001010001
10001010110010000000010 00001010010
00001010110010000000010 00001010010
10001010110010000000010 00001010011
00001010110010000000010 00001010011
10001010110010000000010 00001010100
00001010110010000000010 00001010100
10001010110010000000010 00001010101
00001010110010000000010 00001010101
10001010110010000000010 00001010110
00001010110010000000010 00001010110
10001010110010000000010 00001010111
00001010110010000000010 00001010111
10001010110010000000010 00001011000
00001010110010000000010 00001011000
10001010110010000000010 00001011001
00001010110010000000010 00001011001
10001010110010000000010 00001011010
00001010110010000000010 00001011010
10001010110010000000010 00001011011
00001010110010000000010 00001011011
10001010110010000000010 00001011100
00001010110010000000010 00001011100
10001010110010000000010 00001011101
00001010110010000000010 00001011101
10001010110010000000010 00001011110
00001010110010000000010 00001011110
10001010110010000000010 00001011111
00001010110010000000010 00001011111
10001010110010000000010 00001100000
00001010110010000000010 00001100000
10001010110010000000010 00001100001
00001010110010000000010 00001100001
10001010110010000000010 00001100010
00001010110010000000010 00001100010
10001010110010000000010 00001100011
00001010110010000000010 00001100011
10001010110010000000010 00001100100
00001010110010000000010 00001100100
10001010110010000000010 00001100101
00001010110010000000010 00001100101
10001010110010000000010 00001100110
00001010110010000000010 00001100110
10001010110010000000010 00001100111
00001010110010000000010 00001100111
10001010110010000000010 00001101000
00001010110010000000010 00001101000
10001010110010000000010 00001101001
00001010110010000000010 00001101001
10001010110010000000010 00001101010
00001010110010000000010 00001101010
10001010110010000000010 00001101011
00001010110010000000010 00001101011
10001010110010000000010 00001101100
00001010110010000000010 00001101100
10001010110010000000010 00001101101
00001010110010000000010 00001101101
10001010110010000000010 00001101110
00001010110010000000010 00001101110
10001010110010000000010 00001101111
00001010110010000000010 00001101111
10001010110010000000010 00001110000
00001010110010000000010 00001110000
10001010110010000000010 00001110001
00001010110010000000010 00001110001
10001010110010000000010 00001110010
00001010110010000000010 00001110010
10001010110010000000010 00001110011
00001010110010000000010 00001110011
10001010110010000000010 00001110100
00001010110010000000010 00001110100
10001010110010000000010 00001110101
00001010110010000000010 00001110101
10001010110010000000010 00001110110
00001010110010000000010 00001110110
10001010110010000000010 00001110111
00001010110010000000010 00001110111
10001010110010000000010 00001111000
00001010110010000000010 00001111000
10001010110010000000010 00001111001
00001010110010000000010 00001111001
10001010110010000000010 00001111010
00001010110010000000010 00001111010
10001010110010000000010 00001111011
00001010110010000000010 00001111011
10001010110010000000010 00001111100
00001010110010000000010 00001111100
10001010110010000000010 00001111101
00001010110010000000010 00001111101
10001010110010000000010 00001111110
00001010110010000000010 00001111110
10001010110010000000010 00001111111
00001010110010000000010 00001111111
10001010110010000000010 00010000000
00001010110010000000010 00010000000
10001010110010000000010 00010000001
00001010110010000000010 00010000001
10001010110010000000010 00010000010
00001010110010000000010 00010000010
10001010110010000000010 00010000011
00001010110010000000010 00010000011
10001010110010000000010 00010000100
00001010110010000000010 00010000100
10001010110010000000010 00010000101
00001010110010000000010 00010000101
10001010110010000000010 00010000110
00001010110010000000010 00010000110
10001010110010000000010 00010000111
00001010110010000000010 00010000111
10001010110010000000010 00010001000
00001010110010000000010 00010001000
10001010110010000000010 00010001001
00001010110010000000010 00010001001
10001010110010000000010 00010001010
00001010110010000000010 00010001010
10001010110010000000010 00010001011
00001010110010000000010 00010001011
10001010110010000000010 00010001100
00001010110010000000010 00010001100
10001010110010000000010 00010001101
00001010110010000000010 00010001101
10001010110010000000010 00010001110
00001010110010000000010 00010001110
10001010110010000000010 00010001111
00001010110010000000010 00010001111
10001010110010000000010 00010010000
00001010110010000000010 00010010000
10001010110010000000010 00010010001
00001010110010000000010 00010010001
10001010110010000000010 00010010010
00001010110010000000010 00010010010
10001010110010000000010 00010010011
00001010110010000000010 00010010011
10001010110010000000010 00010010100
00001010110010000000010 00010010100
10001010110010000000010 00010010101
00001010110010000000010 00010010101
10001010110010000000010 00010010110
00001010110010000000010 00010010110
10001010110010000000010 00010010111
00001010110010000000010 00010010111
10001010110010000000010 00010011000
00001010110010000000010 00010011000
10001010110010000000010 00010011001
00001010110010000000010 00010011001
10001010110010000000010 00010011010
00001010110010000000010 00010011010
10001010110010000000010 00010011011
00001010110010000000010 00010011011
10001010110010000000010 00010011100
00001010110010000000010 00010011100
10001010110010000000010 00010011101
00001010110010000000010 00010011101
10001010110010000000010 00010011110
00001010110010000000010 00010011110
10001010110010000000010 00010011111
00001010110010000000010 00010011111
10001010110010000000010 00010100000
00001010110010000000010 00010100000
10001010110010000000010 00010100001
00001010110010000000010 00010100001
10001010110010000000010 00010100010
00001010110010000000010 00010100010
10001010110010000000010 00010100011
00001010110010000000010 00010100011
10001010110010000000010 00010100100
00001010110010000000010 00010100100
10001010110010000000010 00010100101
00001010110010000000010 00010100101
10001010110010000000010 00010100110
00001010110010000000010 00010100110
10001010110010000000010 00010100111
00001010110010000000010 00010100111
10001010110010000000010 00010101000
00001010110010000000010 00010101000
10001010110010000000010 00010101001
00001010110010000000010 00010101001
10001010110010000000010 00010101010
00001010110010000000010 00010101010
10001010110010000000010 00010101011
00001010110010000000010 00010101011
10001010110010000000010 00010101100
00001010110010000000010 00010101100
10001010110010000000010 10010101100
00100100000100000101101 10010101100
10100100000100000101101 00000000000
00000100000100000101101 00000000000
10000100000100000101101 00000000000
00000100000100000101101 00000000000
10000100000100000101101 00000000001
00000100000100000101101 00000000001
10000100000100000101101 00000000010
00000100000100000101101 00000000010
10000100000100000101101 10000000010
00100100100000000001100 10000000010
10100100100000000001100 00000000000
00000100100000000001100 00000000000
10000100100000000001100 00000000000
00000100100000000001100 00000000000
10000100100000000001100 00000000001
00000100100000000001100 00000000001
10000100100000000001100 00000000010
00000100100000000001100 00000000010
10000100100000000001100 00000000011
00000100100000000001100 00000000011
10000100100000000001100 00000000100
00000100100000000001100 00000000100
10000100100000000001100 00000000101
00000100100000000001100 00000000101
10000100100000000001100 00000000110
00000100100000000001100 00000000110
10000100100000000001100 00000000111
00000100100000000001100 00000000111
10000100100000000001100 00000001000
00000100100000000001100 00000001000
10000100100000000001100 00000001001
00000100100000000001100 00000001001
10000100100000000001100 00000001010
00000100100000000001100 00000001010
10000100100000000001100 00000001011
00000100100000000001100 00000001011
10000100100000000001100 00000001100
00000100100000000001100 00000001100
10000100100000000001100 10000001100
00100111100000000001010 10000001100
10100111100000000001010 00000000000
00000111100000000001010 00000000000
10000111100000000001010 00000000000
00000111100000000001010 00000000000
10000111100000000001010 00000000001
00000111100000000001010 00000000001
10000111100000000001010 00000000010
00000111100000000001010 00000000010
10000111100000000001010 00000000011
00000111100000000001010 00000000011
10000111100000000001010 00000000100
00000111100000000001010 00000000100
10000111100000000001010 00000000101
00000111100000000001010 00000000101
10000111100000000001010 00000000110
00000111100000000001010 00000000110
10000111100000000001010 00000000111
00000111100000000001010 00000000111
10000111100000000001010 00000001000
00000111100000000001010 00000001000
10000111100000000001010 00000001001
00000111100000000001010 00000001001
10000111100000000001010 00000001010
00000111100000000001010 00000001010
10000111100000000001010 00000001011
00000111100000000001010 00000001011
10000111100000000001010 00000001100
00000111100000000001010 00000001100
10000111100000000001010 00000001101
00000111100000000001010 00000001101
10000111100000000001010 00000001110
00000111100000000001010 00000001110
10000111100000000001010 00000001111
00000111100000000001010 00000001111
10000111100000000001010 00000010000
00000111100000000001010 00000010000
10000111100000000001010 00000010001
00000111100000000001010 00000010001
10000111100000000001010 00000010010
00000111100000000001010 00000010010
10000111100000000001010 00000010011
00000111100000000001010 00000010011
10000111100000000001010 00000010100
00000111100000000001010 00000010100
10000111100000000001010 00000010101
00000111100000000001010 00000010101
10000111100000000001010 00000010110
00000111100000000001010 00000010110
10000111100000000001010 00000010111
00000111100000000001010 00000010111
10000111100000000001010 00000011000
00000111100000000001010 00000011000
10000111100000000001010 10000011000
00100000000110000000011 10000011000
10100000000110000000011 00000000000
00000000000110000000011 00000000000
10000000000110000000011 00000000000
00000000000110000000011 00000000000
10000000000110000000011 00000000001
00000000000110000000011 00000000001
10000000000110000000011 10000000001
00100000000010000000101 10000000001
10100000000010000000101 00000000000
00000000000010000000101 00000000000
10000000000010000000101 00000000000
00000000000010000000101 00000000000
10000000000010000000101 10000000000
00100000001010000000100 10000000000
10100000001010000000100 00000000000
00000000001010000000100 00000000000
10000000001010000000100 00000000000
00000000001010000000100 00000000000
10000000001010000000100 00000000001
00000000001010000000100 00000000001
10000000001010000000100 10000000001
