01000000000000000000000 00000000000 00000000000
11000000000000000000000 00000000000 00000000000
00100000010100000000100 00000000000 00000000000
10100000010100000000100 00000000000 11111111111
00000000010100000000100 00000000000 00000000000
10000000010100000000100 00000000000 11111111111
00000000010100000000100 00000000000 00000000000
10000000010100000000100 00000000001 11111111111
00000000010100000000100 00000000001 00000000000
10000000010100000000100 00000000010 11111111111
00000000010100000000100 00000000010 00000000000
10000000010100000000100 10000000010 11111111111
00100001000000000001000 00000000000 00000000000
10100001000000000001000 00000000000 11111111111
00000001000000000001000 00000000000 00000000000
10000001000000000001000 00000000000 11111111111
00000001000000000001000 00000000000 00000000000
10000001000000000001000 00000000001 11111111111
00000001000000000001000 00000000001 00000000000
10000001000000000001000 00000000010 11111111111
00000001000000000001000 00000000010 00000000000
10000001000000000001000 00000000011 11111111111
00000001000000000001000 00000000011 00000000000
10000001000000000001000 00000000100 11111111111
00000001000000000001000 00000000100 00000000000
10000001000000000001000 10000000100 11111111111
00100000000110000000101 00000000000 00000000000
10100000000110000000101 00000000000 11111111111
00000000000110000000101 00000000000 00000000000
10000000000110000000101 00000000000 11111111111
00000000000110000000101 00000000000 00000000000
10000000000110000000101 10000000000 11111111111
00101010110010000000010 00000000000 00000000000
10101010110010000000010 00000000000 11111111111
00001010110010000000010 00000000000 00000000000
10001010110010000000010 00000000000 11111111111
00001010110010000000010 00000000000 00000000000
10001010110010000000010 00000000001 11111111111
00001010110010000000010 00000000001 00000000000
10001010110010000000010 00000000010 11111111111
00001010110010000000010 00000000010 00000000000
10001010110010000000010 00000000011 11111111111
00001010110010000000010 00000000011 00000000000
10001010110010000000010 00000000100 11111111111
00001010110010000000010 00000000100 00000000000
10001010110010000000010 00000000101 11111111111
00001010110010000000010 00000000101 00000000000
10001010110010000000010 00000000110 11111111111
00001010110010000000010 00000000110 00000000000
10001010110010000000010 00000000111 11111111111
00001010110010000000010 00000000111 00000000000
10001010110010000000010 00000001000 11111111111
00001010110010000000010 00000001000 00000000000
10001010110010000000010 00000001001 11111111111
00001010110010000000010 00000001001 00000000000
10001010110010000000010 00000001010 11111111111
00001010110010000000010 00000001010 00000000000
10001010110010000000010 00000001011 11111111111
00001010110010000000010 00000001011 00000000000
10001010110010000000010 00000001100 11111111111
00001010110010000000010 00000001100 00000000000
10001010110010000000010 00000001101 11111111111
00001010110010000000010 00000001101 00000000000
10001010110010000000010 00000001110 11111111111
00001010110010000000010 00000001110 00000000000
10001010110010000000010 00000001111 11111111111
00001010110010000000010 00000001111 00000000000
10001010110010000000010 00000010000 11111111111
00001010110010000000010 00000010000 00000000000
10001010110010000000010 00000010001 11111111111
00001010110010000000010 00000010001 00000000000
10001010110010000000010 00000010010 11111111111
00001010110010000000010 00000010010 00000000000
10001010110010000000010 00000010011 11111111111
00001010110010000000010 00000010011 00000000000
10001010110010000000010 00000010100 11111111111
00001010110010000000010 00000010100 00000000000
10001010110010000000010 00000010101 11111111111
00001010110010000000010 00000010101 00000000000
10001010110010000000010 00000010110 11111111111
00001010110010000000010 00000010110 00000000000
10001010110010000000010 00000010111 11111111111
00001010110010000000010 00000010111 00000000000
10001010110010000000010 00000011000 11111111111
00001010110010000000010 00000011000 00000000000
10001010110010000000010 00000011001 11111111111
00001010110010000000010 00000011001 00000000000
10001010110010000000010 00000011010 11111111111
00001010110010000000010 00000011010 00000000000
10001010110010000000010 00000011011 11111111111
00001010110010000000010 00000011011 00000000000
10001010110010000000010 00000011100 11111111111
00001010110010000000010 00000011100 00000000000
10001010110010000000010 00000011101 11111111111
00001010110010000000010 00000011101 00000000000
10001010110010000000010 00000011110 11111111111
00001010110010000000010 00000011110 00000000000
10001010110010000000010 00000011111 11111111111
00001010110010000000010 00000011111 00000000000
10001010110010000000010 00000100000 11111111111
00001010110010000000010 00000100000 00000000000
10001010110010000000010 00000100001 11111111111
00001010110010000000010 00000100001 00000000000
10001010110010000000010 00000100010 11111111111
00001010110010000000010 00000100010 00000000000
10001010110010000000010 00000100011 11111111111
00001010110010000000010 00000100011 00000000000
10001010110010000000010 00000100100 11111111111
00001010110010000000010 00000100100 00000000000
10001010110010000000010 00000100101 11111111111
00001010110010000000010 00000100101 00000000000
10001010110010000000010 00000100110 11111111111
00001010110010000000010 00000100110 00000000000
10001010110010000000010 00000100111 11111111111
00001010110010000000010 00000100111 00000000000
10001010110010000000010 00000101000 11111111111
00001010110010000000010 00000101000 00000000000
10001010110010000000010 00000101001 11111111111
00001010110010000000010 00000101001 00000000000
10001010110010000000010 00000101010 11111111111
00001010110010000000010 00000101010 00000000000
10001010110010000000010 00000101011 11111111111
00001010110010000000010 00000101011 00000000000
10001010110010000000010 00000101100 11111111111
00001010110010000000010 00000101100 00000000000
10001010110010000000010 00000101101 11111111111
00001010110010000000010 00000101101 00000000000
10001010110010000000010 00000101110 11111111111
00001010110010000000010 00000101110 00000000000
10001010110010000000010 00000101111 11111111111
00001010110010000000010 00000101111 00000000000
10001010110010000000010 00000110000 11111111111
00001010110010000000010 00000110000 00000000000
10001010110010000000010 00000110001 11111111111
00001010110010000000010 00000110001 00000000000
10001010110010000000010 00000110010 11111111111
00001010110010000000010 00000110010 00000000000
10001010110010000000010 00000110011 11111111111
00001010110010000000010 00000110011 00000000000
10001010110010000000010 00000110100 11111111111
00001010110010000000010 00000110100 00000000000
10001010110010000000010 00000110101 11111111111
00001010110010000000010 00000110101 00000000000
10001010110010000000010 00000110110 11111111111
00001010110010000000010 00000110110 00000000000
10001010110010000000010 00000110111 11111111111
00001010110010000000010 00000110111 00000000000
10001010110010000000010 00000111000 11111111111
00001010110010000000010 00000111000 00000000000
10001010110010000000010 00000111001 11111111111
00001010110010000000010 00000111001 00000000000
10001010110010000000010 00000111010 11111111111
00001010110010000000010 00000111010 00000000000
10001010110010000000010 00000111011 11111111111
00001010110010000000010 00000111011 00000000000
10001010110010000000010 00000111100 11111111111
00001010110010000000010 00000111100 00000000000
10001010110010000000010 00000111101 11111111111
00001010110010000000010 00000111101 00000000000
10001010110010000000010 00000111110 11111111111
00001010110010000000010 00000111110 00000000000
10001010110010000000010 00000111111 11111111111
00001010110010000000010 00000111111 00000000000
10001010110010000000010 00001000000 11111111111
00001010110010000000010 00001000000 00000000000
10001010110010000000010 00001000001 11111111111
00001010110010000000010 00001000001 00000000000
10001010110010000000010 00001000010 11111111111
00001010110010000000010 00001000010 00000000000
10001010110010000000010 00001000011 11111111111
00001010110010000000010 00001000011 00000000000
10001010110010000000010 00001000100 11111111111
00001010110010000000010 00001000100 00000000000
10001010110010000000010 00001000101 11111111111
00001010110010000000010 00001000101 00000000000
10001010110010000000010 00001000110 11111111111
00001010110010000000010 00001000110 00000000000
10001010110010000000010 00001000111 11111111111
00001010110010000000010 00001000111 00000000000
10001010110010000000010 00001001000 11111111111
00001010110010000000010 00001001000 00000000000
10001010110010000000010 00001001001 11111111111
00001010110010000000010 00001001001 00000000000
10001010110010000000010 00001001010 11111111111
00001010110010000000010 00001001010 00000000000
10001010110010000000010 00001001011 11111111111
00001010110010000000010 00001001011 00000000000
10001010110010000000010 00001001100 11111111111
00001010110010000000010 00001001100 00000000000
10001010110010000000010 00001001101 11111111111
00001010110010000000010 00001001101 00000000000
10001010110010000000010 00001001110 11111111111
00001010110010000000010 00001001110 00000000000
10001010110010000000010 00001001111 11111111111
00001010110010000000010 00001001111 00000000000
10001010110010000000010 00001010000 11111111111
00001010110010000000010 00001010000 00000000000
10001010110010000000010 00001010001 11111111111
00001010110010000000010 00001010001 00000000000
10001010110010000000010 00001010010 11111111111
00001010110010000000010 00001010010 00000000000
10001010110010000000010 00001010011 11111111111
00001010110010000000010 00001010011 00000000000
10001010110010000000010 00001010100 11111111111
00001010110010000000010 00001010100 00000000000
10001010110010000000010 00001010101 11111111111
00001010110010000000010 00001010101 00000000000
10001010110010000000010 00001010110 11111111111
00001010110010000000010 00001010110 00000000000
10001010110010000000010 00001010111 11111111111
00001010110010000000010 00001010111 00000000000
10001010110010000000010 00001011000 11111111111
00001010110010000000010 00001011000 00000000000
10001010110010000000010 00001011001 11111111111
00001010110010000000010 00001011001 00000000000
10001010110010000000010 00001011010 11111111111
00001010110010000000010 00001011010 00000000000
10001010110010000000010 00001011011 11111111111
00001010110010000000010 00001011011 00000000000
10001010110010000000010 00001011100 11111111111
00001010110010000000010 00001011100 00000000000
10001010110010000000010 00001011101 11111111111
00001010110010000000010 00001011101 00000000000
10001010110010000000010 00001011110 11111111111
00001010110010000000010 00001011110 00000000000
10001010110010000000010 00001011111 11111111111
00001010110010000000010 00001011111 00000000000
10001010110010000000010 00001100000 11111111111
00001010110010000000010 00001100000 00000000000
10001010110010000000010 00001100001 11111111111
00001010110010000000010 00001100001 00000000000
10001010110010000000010 00001100010 11111111111
00001010110010000000010 00001100010 00000000000
10001010110010000000010 00001100011 11111111111
00001010110010000000010 00001100011 00000000000
10001010110010000000010 00001100100 11111111111
00001010110010000000010 00001100100 00000000000
10001010110010000000010 00001100101 11111111111
00001010110010000000010 00001100101 00000000000
10001010110010000000010 00001100110 11111111111
00001010110010000000010 00001100110 00000000000
10001010110010000000010 00001100111 11111111111
00001010110010000000010 00001100111 00000000000
10001010110010000000010 00001101000 11111111111
00001010110010000000010 00001101000 00000000000
10001010110010000000010 00001101001 11111111111
00001010110010000000010 00001101001 00000000000
10001010110010000000010 00001101010 11111111111
00001010110010000000010 00001101010 00000000000
10001010110010000000010 00001101011 11111111111
00001010110010000000010 00001101011 00000000000
10001010110010000000010 00001101100 11111111111
00001010110010000000010 00001101100 00000000000
10001010110010000000010 00001101101 11111111111
00001010110010000000010 00001101101 00000000000
10001010110010000000010 00001101110 11111111111
00001010110010000000010 00001101110 00000000000
10001010110010000000010 00001101111 11111111111
00001010110010000000010 00001101111 00000000000
10001010110010000000010 00001110000 11111111111
00001010110010000000010 00001110000 00000000000
10001010110010000000010 00001110001 11111111111
00001010110010000000010 00001110001 00000000000
10001010110010000000010 00001110010 11111111111
00001010110010000000010 00001110010 00000000000
10001010110010000000010 00001110011 11111111111
00001010110010000000010 00001110011 00000000000
10001010110010000000010 00001110100 11111111111
00001010110010000000010 00001110100 00000000000
10001010110010000000010 00001110101 11111111111
00001010110010000000010 00001110101 00000000000
10001010110010000000010 00001110110 11111111111
00001010110010000000010 00001110110 00000000000
10001010110010000000010 00001110111 11111111111
00001010110010000000010 00001110111 00000000000
10001010110010000000010 00001111000 11111111111
00001010110010000000010 00001111000 00000000000
10001010110010000000010 00001111001 11111111111
00001010110010000000010 00001111001 00000000000
10001010110010000000010 00001111010 11111111111
00001010110010000000010 00001111010 00000000000
10001010110010000000010 00001111011 11111111111
00001010110010000000010 00001111011 00000000000
10001010110010000000010 00001111100 11111111111
00001010110010000000010 00001111100 00000000000
10001010110010000000010 00001111101 11111111111
00001010110010000000010 00001111101 00000000000
10001010110010000000010 00001111110 11111111111
00001010110010000000010 00001111110 00000000000
10001010110010000000010 00001111111 11111111111
00001010110010000000010 00001111111 00000000000
10001010110010000000010 00010000000 11111111111
00001010110010000000010 00010000000 00000000000
10001010110010000000010 00010000001 11111111111
00001010110010000000010 00010000001 00000000000
10001010110010000000010 00010000010 11111111111
00001010110010000000010 00010000010 00000000000
10001010110010000000010 00010000011 11111111111
00001010110010000000010 00010000011 00000000000
10001010110010000000010 00010000100 11111111111
00001010110010000000010 00010000100 00000000000
10001010110010000000010 00010000101 11111111111
00001010110010000000010 00010000101 00000000000
10001010110010000000010 00010000110 11111111111
00001010110010000000010 00010000110 00000000000
10001010110010000000010 00010000111 11111111111
00001010110010000000010 00010000111 00000000000
10001010110010000000010 00010001000 11111111111
00001010110010000000010 00010001000 00000000000
10001010110010000000010 00010001001 11111111111
00001010110010000000010 00010001001 00000000000
10001010110010000000010 00010001010 11111111111
00001010110010000000010 00010001010 00000000000
10001010110010000000010 00010001011 11111111111
00001010110010000000010 00010001011 00000000000
10001010110010000000010 00010001100 11111111111
00001010110010000000010 00010001100 00000000000
10001010110010000000010 00010001101 11111111111
00001010110010000000010 00010001101 00000000000
10001010110010000000010 00010001110 11111111111
00001010110010000000010 00010001110 00000000000
10001010110010000000010 00010001111 11111111111
00001010110010000000010 00010001111 00000000000
10001010110010000000010 00010010000 11111111111
00001010110010000000010 00010010000 00000000000
10001010110010000000010 00010010001 11111111111
00001010110010000000010 00010010001 00000000000
10001010110010000000010 00010010010 11111111111
00001010110010000000010 00010010010 00000000000
10001010110010000000010 00010010011 11111111111
00001010110010000000010 00010010011 00000000000
10001010110010000000010 00010010100 11111111111
00001010110010000000010 00010010100 00000000000
10001010110010000000010 00010010101 11111111111
00001010110010000000010 00010010101 00000000000
10001010110010000000010 00010010110 11111111111
00001010110010000000010 00010010110 00000000000
10001010110010000000010 00010010111 11111111111
00001010110010000000010 00010010111 00000000000
10001010110010000000010 00010011000 11111111111
00001010110010000000010 00010011000 00000000000
10001010110010000000010 00010011001 11111111111
00001010110010000000010 00010011001 00000000000
10001010110010000000010 00010011010 11111111111
00001010110010000000010 00010011010 00000000000
10001010110010000000010 00010011011 11111111111
00001010110010000000010 00010011011 00000000000
10001010110010000000010 00010011100 11111111111
00001010110010000000010 00010011100 00000000000
10001010110010000000010 00010011101 11111111111
00001010110010000000010 00010011101 00000000000
10001010110010000000010 00010011110 11111111111
00001010110010000000010 00010011110 00000000000
10001010110010000000010 00010011111 11111111111
00001010110010000000010 00010011111 00000000000
10001010110010000000010 00010100000 11111111111
00001010110010000000010 00010100000 00000000000
10001010110010000000010 00010100001 11111111111
00001010110010000000010 00010100001 00000000000
10001010110010000000010 00010100010 11111111111
00001010110010000000010 00010100010 00000000000
10001010110010000000010 00010100011 11111111111
00001010110010000000010 00010100011 00000000000
10001010110010000000010 00010100100 11111111111
00001010110010000000010 00010100100 00000000000
10001010110010000000010 00010100101 11111111111
00001010110010000000010 00010100101 00000000000
10001010110010000000010 00010100110 11111111111
00001010110010000000010 00010100110 00000000000
10001010110010000000010 00010100111 11111111111
00001010110010000000010 00010100111 00000000000
10001010110010000000010 00010101000 11111111111
00001010110010000000010 00010101000 00000000000
10001010110010000000010 00010101001 11111111111
00001010110010000000010 00010101001 00000000000
10001010110010000000010 00010101010 11111111111
00001010110010000000010 00010101010 00000000000
10001010110010000000010 00010101011 11111111111
00001010110010000000010 00010101011 00000000000
10001010110010000000010 00010101100 11111111111
00001010110010000000010 00010101100 00000000000
10001010110010000000010 10010101100 11111111111
00100100000100000101101 00000000000 00000000000
10100100000100000101101 00000000000 11111111111
00000100000100000101101 00000000000 00000000000
10000100000100000101101 00000000000 11111111111
00000100000100000101101 00000000000 00000000000
10000100000100000101101 00000000001 11111111111
00000100000100000101101 00000000001 00000000000
10000100000100000101101 00000000010 11111111111
00000100000100000101101 00000000010 00000000000
10000100000100000101101 10000000010 11111111111
00100100100000000001100 00000000000 00000000000
10100100100000000001100 00000000000 11111111111
00000100100000000001100 00000000000 00000000000
10000100100000000001100 00000000000 11111111111
00000100100000000001100 00000000000 00000000000
10000100100000000001100 00000000001 11111111111
00000100100000000001100 00000000001 00000000000
10000100100000000001100 00000000010 11111111111
00000100100000000001100 00000000010 00000000000
10000100100000000001100 00000000011 11111111111
00000100100000000001100 00000000011 00000000000
10000100100000000001100 00000000100 11111111111
00000100100000000001100 00000000100 00000000000
10000100100000000001100 00000000101 11111111111
00000100100000000001100 00000000101 00000000000
10000100100000000001100 00000000110 11111111111
00000100100000000001100 00000000110 00000000000
10000100100000000001100 00000000111 11111111111
00000100100000000001100 00000000111 00000000000
10000100100000000001100 00000001000 11111111111
00000100100000000001100 00000001000 00000000000
10000100100000000001100 00000001001 11111111111
00000100100000000001100 00000001001 00000000000
10000100100000000001100 00000001010 11111111111
00000100100000000001100 00000001010 00000000000
10000100100000000001100 00000001011 11111111111
00000100100000000001100 00000001011 00000000000
10000100100000000001100 00000001100 11111111111
00000100100000000001100 00000001100 00000000000
10000100100000000001100 10000001100 11111111111
00100111100000000001010 00000000000 00000000000
10100111100000000001010 00000000000 11111111111
00000111100000000001010 00000000000 00000000000
10000111100000000001010 00000000000 11111111111
00000111100000000001010 00000000000 00000000000
10000111100000000001010 00000000001 11111111111
00000111100000000001010 00000000001 00000000000
10000111100000000001010 00000000010 11111111111
00000111100000000001010 00000000010 00000000000
10000111100000000001010 00000000011 11111111111
00000111100000000001010 00000000011 00000000000
10000111100000000001010 00000000100 11111111111
00000111100000000001010 00000000100 00000000000
10000111100000000001010 00000000101 11111111111
00000111100000000001010 00000000101 00000000000
10000111100000000001010 00000000110 11111111111
00000111100000000001010 00000000110 00000000000
10000111100000000001010 00000000111 11111111111
00000111100000000001010 00000000111 00000000000
10000111100000000001010 00000001000 11111111111
00000111100000000001010 00000001000 00000000000
10000111100000000001010 00000001001 11111111111
00000111100000000001010 00000001001 00000000000
10000111100000000001010 00000001010 11111111111
00000111100000000001010 00000001010 00000000000
10000111100000000001010 00000001011 11111111111
00000111100000000001010 00000001011 00000000000
10000111100000000001010 00000001100 11111111111
00000111100000000001010 00000001100 00000000000
10000111100000000001010 00000001101 11111111111
00000111100000000001010 00000001101 00000000000
10000111100000000001010 00000001110 11111111111
00000111100000000001010 00000001110 00000000000
10000111100000000001010 00000001111 11111111111
00000111100000000001010 00000001111 00000000000
10000111100000000001010 00000010000 11111111111
00000111100000000001010 00000010000 00000000000
10000111100000000001010 00000010001 11111111111
00000111100000000001010 00000010001 00000000000
10000111100000000001010 00000010010 11111111111
00000111100000000001010 00000010010 00000000000
10000111100000000001010 00000010011 11111111111
00000111100000000001010 00000010011 00000000000
10000111100000000001010 00000010100 11111111111
00000111100000000001010 00000010100 00000000000
10000111100000000001010 00000010101 11111111111
00000111100000000001010 00000010101 00000000000
10000111100000000001010 00000010110 11111111111
00000111100000000001010 00000010110 00000000000
10000111100000000001010 00000010111 11111111111
00000111100000000001010 00000010111 00000000000
10000111100000000001010 00000011000 11111111111
00000111100000000001010 00000011000 00000000000
10000111100000000001010 10000011000 11111111111
00100000000110000000011 00000000000 00000000000
10100000000110000000011 00000000000 11111111111
00000000000110000000011 00000000000 00000000000
10000000000110000000011 00000000000 11111111111
00000000000110000000011 00000000000 00000000000
10000000000110000000011 00000000001 11111111111
00000000000110000000011 00000000001 00000000000
10000000000110000000011 10000000001 11111111111
00100000000010000000101 00000000000 00000000000
10100000000010000000101 00000000000 11111111111
00000000000010000000101 00000000000 00000000000
10000000000010000000101 00000000000 11111111111
00000000000010000000101 00000000000 00000000000
10000000000010000000101 10000000000 11111111111
00100000001010000000100 00000000000 00000000000
10100000001010000000100 00000000000 11111111111
00000000001010000000100 00000000000 00000000000
10000000001010000000100 00000000000 11111111111
00000000001010000000100 00000000000 00000000000
10000000001010000000100 00000000001 11111111111
00000000001010000000100 00000000001 00000000000
10000000001010000000100 10000000001 11111111111
